$ANSIBLE_VAULT;1.1;AES256
38356131386433613837623134373435643139386431326638326232383839613835383938653731
6538633139626233346535336137396336656462366637650a656336646134383064656331363130
37373439613965343038383363363566396130313831376138633131666431666363333963366635
6132326139343333650a393965333837626665303330633737363936363631643061373830643565
30616663633866396364373036383039396562366462356235396532373866313230393765306131
31616564633831356163333164653566353865346530623638363439613862663761383939303935
37323030383732313635313137623032656162303030616434653134336665643938306339656666
30316134313639623832303231326132626536396430373162643336643436663032653731313763
66656561346535656466313936633537383230373939333131303135626363373035393633643239
30343664353163666139313664646537366632323361333239323361396530656164353437343237
38613565633938343234623737323131343864383565616237626334373662383534343461343234
36646437326631353934
